[ demo ]
cost_matrix_: 
       1        1        3 
       2        4        6 
       3        6        9 

opt_matrix_: 
       2        0        0 
       0        0        0 
       0        1        2 

mask: 
0 0 1 
0 1 0 
1 0 0 

cover: 
1 1 1 
1 1 1 
1 1 1 

cost: 10
assignment_index[0]: 2
assignment_index[1]: 1
assignment_index[2]: 0
----------------------------------------
[ demo ]
cost_matrix_: 
       3        7        5       11 
       5        4        6        3 
       6       10        1        1 

opt_matrix_: 
       0        4        2        8 
       2        1        3        0 
       5        9        0        0 
       0        0        0        0 

mask: 
1 0 0 0 
0 0 0 1 
0 0 1 0 
0 1 0 0 

cover: 
1 1 1 1 
1 1 1 1 
1 1 1 1 
1 1 1 1 

cost: 7
assignment_index[0]: 0
assignment_index[1]: 3
assignment_index[2]: 2
----------------------------------------
[ demo ]
cost_matrix_: 
       3        7        5       11 
       5        4        6        3 
       6       10        1        1 

opt_matrix_: 
       8        4        6        0 
       1        2        0        3 
       4        0        9        9 
       0        0        0        0 

mask: 
0 0 0 1 
0 0 1 0 
0 1 0 0 
1 0 0 0 

cover: 
1 1 1 1 
1 1 1 1 
1 1 1 1 
1 1 1 1 

cost: 27
assignment_index[0]: 3
assignment_index[1]: 2
assignment_index[2]: 1
----------------------------------------
[ demo ]
cost_matrix_: 
       3        5        6 
       7        4       10 
       5        6        1 
      11        3        1 

opt_matrix_: 
       0        2        5        0 
       4        1        9        0 
       2        3        0        0 
       8        0        0        0 

mask: 
1 0 0 0 
0 0 0 1 
0 0 1 0 
0 1 0 0 

cover: 
1 1 1 1 
1 1 1 1 
1 1 1 1 
1 1 1 1 

cost: 7
assignment_index[0]: 0
assignment_index[1]: -1
assignment_index[2]: 2
assignment_index[3]: 1
----------------------------------------
[ demo ]
cost_matrix_: 
     300      290      280      290      210      300      290      280      290      210 
     250      310      290      300      200      250      310      290      300      200 
     180      190      300      190      180      180      190      300      190      180 
     320      180      190      240      170      320      180      190      240      170 
     270      210      190      250      160      270      210      190      250      160 
     190      200      220      190      140      190      200      220      190      140 
     220      300      230      180      160      220      300      230      180      160 
     260      190      260      210      180      260      190      260      210      180 

opt_matrix_: 
      40       40       20       30        0       40       40       20       30        0 
       0       70       40       50        0        0       70       40       50        0 
       0       20      120       10       50        0       20      120       10       50 
     130        0        0       50       30      130        0        0       50       30 
      80       30        0       60       20       80       30        0       60       20 
       0       20       30        0        0        0       20       30        0        0 
      40      130       50        0       30       40      130       50        0       30 
      60        0       60       10       30       60        0       60       10       30 
       0       10        0        0       50        0       10        0        0       50 
       0       10        0        0       50        0       10        0        0       50 

mask: 
0 0 0 0 1 0 0 0 0 2 
2 0 0 0 0 0 0 0 0 1 
2 0 0 0 0 1 0 0 0 0 
0 0 2 0 0 0 1 2 0 0 
0 0 0 0 0 0 0 1 0 0 
1 0 0 0 0 0 0 0 0 0 
0 0 0 2 0 0 0 0 1 0 
0 1 0 0 0 0 2 0 0 0 
0 0 2 1 0 0 0 0 0 0 
0 0 1 0 0 0 0 0 0 0 

cover: 
1 1 1 1 1 1 1 1 1 1 
1 1 1 1 1 1 1 1 1 1 
1 1 1 1 1 1 1 1 1 1 
1 1 1 1 1 1 1 1 1 1 
1 1 1 1 1 1 1 1 1 1 
1 1 1 1 1 1 1 1 1 1 
1 1 1 1 1 1 1 1 1 1 
1 1 1 1 1 1 1 1 1 1 
1 1 1 1 1 1 1 1 1 1 
1 1 1 1 1 1 1 1 1 1 

cost: 1520
assignment_index[0]: 4
assignment_index[1]: 9
assignment_index[2]: 5
assignment_index[3]: 6
assignment_index[4]: 7
assignment_index[5]: 0
assignment_index[6]: 8
assignment_index[7]: 1
----------------------------------------
